15 15 4
34
🧙 0 5 5 4 4 0 1 3 0 
🐺 10 8 9 5 4 0 
🦊 8 9 3 7 4 1 
🐑 1 13 4 4 4 1 
🐢 6 5 2 1 4 0 
🦌 11 0 4 4 4 0 
🐺 8 12 9 5 4 0 
🦊 6 10 3 7 4 0 
🐑 2 7 4 4 2 1 
🐢 0 12 2 1 4 0 
🦌 2 12 4 4 4 0 
🐺 4 6 9 5 4 0 
🦊 3 5 3 7 4 0 
🐑 8 9 4 4 4 0 
🐢 11 12 2 1 4 0 
🦌 1 9 4 4 3 1 
🌿 6 3 0 0 3 0 
🌼 8 6 0 0 0 1 
🍇 14 9 0 0 3 0 
🌿 12 5 0 0 3 0 
🌼 6 8 0 0 3 0 
🍇 12 14 0 0 4 0 
🌿 12 9 0 0 3 0 
🌼 2 6 0 0 0 1 
🍇 8 10 0 0 3 0 
🍄 3 8 99 0 3 0 
🌱 4 14 10 0 3 0 
🍄 0 13 99 0 3 0 
🌱 2 8 10 0 4 0 
🌿 12 8 0 0 2 0 
🌿 7 3 0 0 1 0 
🌱 2 9 10 0 1 0 
🌱 2 7 10 0 1 0 
🌼 7 8 0 0 0 0 
